import { CorrelationResponse } from 'types/TimeSeriesGraph/CorrelationResponse';
import { matrix } from 'mathjs';

export const DEFAULT_CORRELATION_RESPONSE: CorrelationResponse = {
    timeseries: [
        {
            startDate: new Date('2006-12-31T23:00:00.000Z'),
            endDate: new Date('2012-12-30T23:00:00.000Z'),
            numDatapoints: 1566,
            tsName: 'US- Butter Future_00110E.txt',
            rawDatapoints: [
                {
                    date: new Date('2006-12-31T23:00:00.000Z'),
                    value: 128.5,
                },
                {
                    date: new Date('2007-01-01T23:00:00.000Z'),
                    value: 128.5,
                },
                {
                    date: new Date('2007-01-02T23:00:00.000Z'),
                    value: 127.5,
                },
                {
                    date: new Date('2007-01-03T23:00:00.000Z'),
                    value: 127.5,
                },
                {
                    date: new Date('2007-01-04T23:00:00.000Z'),
                    value: 126.75,
                },
                {
                    date: new Date('2007-01-07T23:00:00.000Z'),
                    value: 127,
                },
                {
                    date: new Date('2007-01-08T23:00:00.000Z'),
                    value: 127,
                },
                {
                    date: new Date('2007-01-09T23:00:00.000Z'),
                    value: 127,
                },
                {
                    date: new Date('2007-01-10T23:00:00.000Z'),
                    value: 127,
                },
                {
                    date: new Date('2007-01-11T23:00:00.000Z'),
                    value: 129,
                },
                {
                    date: new Date('2007-01-14T23:00:00.000Z'),
                    value: 129,
                },
                {
                    date: new Date('2007-01-15T23:00:00.000Z'),
                    value: 127.5,
                },
                {
                    date: new Date('2007-01-16T23:00:00.000Z'),
                    value: 127.5,
                },
                {
                    date: new Date('2007-01-17T23:00:00.000Z'),
                    value: 128,
                },
                {
                    date: new Date('2007-01-18T23:00:00.000Z'),
                    value: 128,
                },
                {
                    date: new Date('2007-01-21T23:00:00.000Z'),
                    value: 128.25,
                },
                {
                    date: new Date('2007-01-22T23:00:00.000Z'),
                    value: 129.25,
                },
                {
                    date: new Date('2007-01-23T23:00:00.000Z'),
                    value: 129,
                },
                {
                    date: new Date('2007-01-24T23:00:00.000Z'),
                    value: 128.5,
                },
                {
                    date: new Date('2007-01-25T23:00:00.000Z'),
                    value: 131,
                },
                {
                    date: new Date('2007-01-28T23:00:00.000Z'),
                    value: 129.5,
                },
                {
                    date: new Date('2007-01-29T23:00:00.000Z'),
                    value: 129.5,
                },
                {
                    date: new Date('2007-01-30T23:00:00.000Z'),
                    value: 128,
                },
            ],
        },
        {
            startDate: new Date('2006-12-31T23:00:00.000Z'),
            endDate: new Date('2012-12-30T23:00:00.000Z'),
            numDatapoints: 1566,
            tsName: 'US- Coffee -C- Future_000654.txt',
            rawDatapoints: [
                {
                    date: new Date('2006-12-31T23:00:00.000Z'),
                    value: 126.2,
                },
                {
                    date: new Date('2007-01-01T23:00:00.000Z'),
                    value: 126.2,
                },
                {
                    date: new Date('2007-01-02T23:00:00.000Z'),
                    value: 123.6,
                },
                {
                    date: new Date('2007-01-03T23:00:00.000Z'),
                    value: 125,
                },
                {
                    date: new Date('2007-01-04T23:00:00.000Z'),
                    value: 120.45,
                },
                {
                    date: new Date('2007-01-07T23:00:00.000Z'),
                    value: 120.1,
                },
                {
                    date: new Date('2007-01-08T23:00:00.000Z'),
                    value: 118.4,
                },
                {
                    date: new Date('2007-01-09T23:00:00.000Z'),
                    value: 120.75,
                },
                {
                    date: new Date('2007-01-10T23:00:00.000Z'),
                    value: 120.65,
                },
                {
                    date: new Date('2007-01-11T23:00:00.000Z'),
                    value: 120.3,
                },
                {
                    date: new Date('2007-01-14T23:00:00.000Z'),
                    value: 120.3,
                },
                {
                    date: new Date('2007-01-15T23:00:00.000Z'),
                    value: 121.65,
                },
                {
                    date: new Date('2007-01-16T23:00:00.000Z'),
                    value: 121.6,
                },
                {
                    date: new Date('2007-01-17T23:00:00.000Z'),
                    value: 119.75,
                },
                {
                    date: new Date('2007-01-18T23:00:00.000Z'),
                    value: 119.7,
                },
                {
                    date: new Date('2007-01-21T23:00:00.000Z'),
                    value: 117.35,
                },
                {
                    date: new Date('2007-01-22T23:00:00.000Z'),
                    value: 115.65,
                },
                {
                    date: new Date('2007-01-23T23:00:00.000Z'),
                    value: 116.95,
                },
                {
                    date: new Date('2007-01-24T23:00:00.000Z'),
                    value: 116,
                },
                {
                    date: new Date('2007-01-25T23:00:00.000Z'),
                    value: 116.3,
                },
                {
                    date: new Date('2007-01-28T23:00:00.000Z'),
                    value: 116.6,
                },
                {
                    date: new Date('2007-01-29T23:00:00.000Z'),
                    value: 116.55,
                },
                {
                    date: new Date('2007-01-30T23:00:00.000Z'),
                    value: 117.65,
                },
            ],
        },
        {
            startDate: new Date('2006-12-31T23:00:00.000Z'),
            endDate: new Date('2012-12-30T23:00:00.000Z'),
            numDatapoints: 1566,
            tsName: 'US- Corn-Future_001047.txt',
            rawDatapoints: [
                {
                    date: new Date('2006-12-31T23:00:00.000Z'),
                    value: 390.25,
                },
                {
                    date: new Date('2007-01-01T23:00:00.000Z'),
                    value: 390.25,
                },
                {
                    date: new Date('2007-01-02T23:00:00.000Z'),
                    value: 370.5,
                },
                {
                    date: new Date('2007-01-03T23:00:00.000Z'),
                    value: 362.25,
                },
                {
                    date: new Date('2007-01-04T23:00:00.000Z'),
                    value: 368.25,
                },
                {
                    date: new Date('2007-01-07T23:00:00.000Z'),
                    value: 363.5,
                },
                {
                    date: new Date('2007-01-08T23:00:00.000Z'),
                    value: 354.5,
                },
                {
                    date: new Date('2007-01-09T23:00:00.000Z'),
                    value: 360.25,
                },
                {
                    date: new Date('2007-01-10T23:00:00.000Z'),
                    value: 376.5,
                },
                {
                    date: new Date('2007-01-11T23:00:00.000Z'),
                    value: 396.5,
                },
                {
                    date: new Date('2007-01-14T23:00:00.000Z'),
                    value: 396.5,
                },
                {
                    date: new Date('2007-01-15T23:00:00.000Z'),
                    value: 403,
                },
                {
                    date: new Date('2007-01-16T23:00:00.000Z'),
                    value: 408,
                },
                {
                    date: new Date('2007-01-17T23:00:00.000Z'),
                    value: 412.25,
                },
                {
                    date: new Date('2007-01-18T23:00:00.000Z'),
                    value: 406.75,
                },
                {
                    date: new Date('2007-01-21T23:00:00.000Z'),
                    value: 404.25,
                },
                {
                    date: new Date('2007-01-22T23:00:00.000Z'),
                    value: 409,
                },
                {
                    date: new Date('2007-01-23T23:00:00.000Z'),
                    value: 400.75,
                },
                {
                    date: new Date('2007-01-24T23:00:00.000Z'),
                    value: 407,
                },
                {
                    date: new Date('2007-01-25T23:00:00.000Z'),
                    value: 405.5,
                },
                {
                    date: new Date('2007-01-28T23:00:00.000Z'),
                    value: 400,
                },
                {
                    date: new Date('2007-01-29T23:00:00.000Z'),
                    value: 404.75,
                },
                {
                    date: new Date('2007-01-30T23:00:00.000Z'),
                    value: 404,
                },
            ],
        },
        {
            startDate: new Date('2006-12-31T23:00:00.000Z'),
            endDate: new Date('2012-12-30T23:00:00.000Z'),
            numDatapoints: 1566,
            tsName: 'US- Cotton No.2 Future_000655.txt',
            rawDatapoints: [
                {
                    date: new Date('2006-12-31T23:00:00.000Z'),
                    value: 56.19,
                },
                {
                    date: new Date('2007-01-01T23:00:00.000Z'),
                    value: 56.19,
                },
                {
                    date: new Date('2007-01-02T23:00:00.000Z'),
                    value: 54.89,
                },
                {
                    date: new Date('2007-01-03T23:00:00.000Z'),
                    value: 54.56,
                },
                {
                    date: new Date('2007-01-04T23:00:00.000Z'),
                    value: 54.42,
                },
                {
                    date: new Date('2007-01-07T23:00:00.000Z'),
                    value: 54.53,
                },
                {
                    date: new Date('2007-01-08T23:00:00.000Z'),
                    value: 54.1,
                },
                {
                    date: new Date('2007-01-09T23:00:00.000Z'),
                    value: 53.93,
                },
                {
                    date: new Date('2007-01-10T23:00:00.000Z'),
                    value: 54.04,
                },
                {
                    date: new Date('2007-01-11T23:00:00.000Z'),
                    value: 54.16,
                },
                {
                    date: new Date('2007-01-14T23:00:00.000Z'),
                    value: 54.16,
                },
                {
                    date: new Date('2007-01-15T23:00:00.000Z'),
                    value: 54.92,
                },
                {
                    date: new Date('2007-01-16T23:00:00.000Z'),
                    value: 55.06,
                },
                {
                    date: new Date('2007-01-17T23:00:00.000Z'),
                    value: 54.53,
                },
                {
                    date: new Date('2007-01-18T23:00:00.000Z'),
                    value: 54.55,
                },
                {
                    date: new Date('2007-01-21T23:00:00.000Z'),
                    value: 54.09,
                },
                {
                    date: new Date('2007-01-22T23:00:00.000Z'),
                    value: 54.82,
                },
                {
                    date: new Date('2007-01-23T23:00:00.000Z'),
                    value: 54.47,
                },
                {
                    date: new Date('2007-01-24T23:00:00.000Z'),
                    value: 54.37,
                },
                {
                    date: new Date('2007-01-25T23:00:00.000Z'),
                    value: 54.12,
                },
                {
                    date: new Date('2007-01-28T23:00:00.000Z'),
                    value: 53.57,
                },
                {
                    date: new Date('2007-01-29T23:00:00.000Z'),
                    value: 53.35,
                },
                {
                    date: new Date('2007-01-30T23:00:00.000Z'),
                    value: 54,
                },
            ],
        },
    ],
    correlations: [
        matrix([
            [1, -0.1831948362181815, 0.4313251592311945, 0.10970321545275827],
            [-0.1831948362181815, 1, -0.5030231139393899, 0.7147234895302085],
            [0.4313251592311945, -0.5030231139393899, 1, -0.15252388542953854],
            [0.10970321545275827, 0.7147234895302085, -0.15252388542953854, 1],
        ]),

        matrix([
            [1, -0.01713730982914113, 0.28770146430369625, 0.2562290741062116],
            [-0.01713730982914113, 1, -0.46042568240825943, 0.6973274349851549],
            [0.28770146430369625, -0.46042568240825943, 1, -0.16444854354072178],
            [0.2562290741062116, 0.6973274349851549, -0.16444854354072178, 1],
        ]),

        matrix([
            [1, 0.23720248332951369, -0.049263556332191434, 0.2606603716004854],
            [0.23720248332951369, 1, -0.5479015569733446, 0.5019850585084875],
            [-0.049263556332191434, -0.5479015569733446, 1, 0.03898233643367661],
            [0.2606603716004854, 0.5019850585084875, 0.03898233643367661, 1],
        ]),

        matrix([
            [1, 0.28128569275386894, -0.272249379418756, 0.21050496346913378],
            [0.28128569275386894, 1, -0.003952272406877705, 0.5732035595263548],
            [-0.272249379418756, -0.003952272406877705, 1, 0.41319145305477284],
            [0.21050496346913378, 0.5732035595263548, 0.41319145305477284, 1],
        ]),

        matrix([
            [1, 0.2897318786696098, -0.23455195401201567, 0.17432357935968307],
            [0.2897318786696098, 1, 0.2800495531971711, 0.5726643893569529],
            [-0.23455195401201567, 0.2800495531971711, 1, 0.6281747128885172],
            [0.17432357935968307, 0.5726643893569529, 0.6281747128885172, 1],
        ]),

        matrix([
            [1, -0.03616241847213841, -0.051054149049324295, 0.22033965409599465],
            [-0.03616241847213841, 1, 0.1854535405258347, 0.3547045438316566],
            [-0.051054149049324295, 0.1854535405258347, 1, 0.6880094207579034],
            [0.22033965409599465, 0.3547045438316566, 0.6880094207579034, 1],
        ]),

        matrix([
            [1, -0.3304615670542548, 0.14822781297884788, 0.21353227334842512],
            [-0.3304615670542548, 1, 0.06724914469636137, 0.26254582092638973],
            [0.14822781297884788, 0.06724914469636137, 1, 0.7368480055718438],
            [0.21353227334842512, 0.26254582092638973, 0.7368480055718438, 1],
        ]),

        matrix([
            [1, -0.4987996137140255, 0.1987522320665425, 0.24907021129888168],
            [-0.4987996137140255, 1, 0.14084497261795934, 0.24852129118456245],
            [0.1987522320665425, 0.14084497261795934, 1, 0.7310173540631293],
            [0.24907021129888168, 0.24852129118456245, 0.7310173540631293, 1],
        ]),

        matrix([
            [1, -0.3869355406138741, 0.177166653290018, 0.22523358913916544],
            [-0.3869355406138741, 1, 0.44722224716966297, 0.3478421707846512],
            [0.177166653290018, 0.44722224716966297, 1, 0.7394299715850708],
            [0.22523358913916544, 0.3478421707846512, 0.7394299715850708, 1],
        ]),

        matrix([
            [1, -0.29150646458062746, 0.15175791900849855, 0.17215045742123583],
            [-0.29150646458062746, 1, 0.708304809583779, 0.434426342274243],
            [0.15175791900849855, 0.708304809583779, 1, 0.7763955100008008],
            [0.17215045742123583, 0.434426342274243, 0.7763955100008008, 1],
        ]),

        matrix([
            [1, -0.28314866339210937, -0.11951900565849427, -0.08453064839986472],
            [-0.28314866339210937, 1, 0.7175150112297808, 0.5493269088784248],
            [-0.11951900565849427, 0.7175150112297808, 1, 0.7561687362252032],
            [-0.08453064839986472, 0.5493269088784248, 0.7561687362252032, 1],
        ]),

        matrix([
            [1, -0.32626200500937186, -0.3794455687808489, -0.35931419366493617],
            [-0.32626200500937186, 1, 0.7106186989702398, 0.6900493665498655],
            [-0.3794455687808489, 0.7106186989702398, 1, 0.7864589406217071],
            [-0.35931419366493617, 0.6900493665498655, 0.7864589406217071, 1],
        ]),

        matrix([
            [1, -0.4865932503627215, -0.589477353403395, -0.5060874216846841],
            [-0.4865932503627215, 1, 0.6908823390170549, 0.7248963323893339],
            [-0.589477353403395, 0.6908823390170549, 1, 0.7507379581591402],
            [-0.5060874216846841, 0.7248963323893339, 0.7507379581591402, 1],
        ]),

        matrix([
            [1, -0.42821651651917997, -0.6252429158630963, -0.53615148808492],
            [-0.42821651651917997, 1, 0.6471665088140506, 0.7164635065473207],
            [-0.6252429158630963, 0.6471665088140506, 1, 0.7629396170156614],
            [-0.53615148808492, 0.7164635065473207, 0.7629396170156614, 1],
        ]),

        matrix([
            [1, -0.3041778721523541, -0.6251222617559707, -0.5597799244003522],
            [-0.3041778721523541, 1, 0.6086569440925041, 0.6632332508923052],
            [-0.6251222617559707, 0.6086569440925041, 1, 0.7542800471070591],
            [-0.5597799244003522, 0.6632332508923052, 0.7542800471070591, 1],
        ]),

        matrix([
            [1, -0.06423402982596303, -0.6555169592717719, -0.6409791941836243],
            [-0.06423402982596303, 1, 0.4715475701123297, 0.3585257195225347],
            [-0.6555169592717719, 0.4715475701123297, 1, 0.7079789598792071],
            [-0.6409791941836243, 0.3585257195225347, 0.7079789598792071, 1],
        ]),

        matrix([
            [1, -0.21016766754563346, -0.7467452289027839, -0.747512877262458],
            [-0.21016766754563346, 1, 0.43598594028337484, 0.4314729524796058],
            [-0.7467452289027839, 0.43598594028337484, 1, 0.6309820859435138],
            [-0.747512877262458, 0.4314729524796058, 0.6309820859435138, 1],
        ]),

        matrix([
            [1, -0.30454259536924805, -0.7388579544641003, -0.7692161250676371],
            [-0.30454259536924805, 1, 0.41993904929289566, 0.5318645510790535],
            [-0.7388579544641003, 0.41993904929289566, 1, 0.5566301685368702],
            [-0.7692161250676371, 0.5318645510790535, 0.5566301685368702, 1],
        ]),

        matrix([
            [1, -0.5192746681740128, -0.6306085650458385, -0.8179662800287516],
            [-0.5192746681740128, 1, 0.38913881129781547, 0.7003432710226315],
            [-0.6306085650458385, 0.38913881129781547, 1, 0.39101802243143213],
            [-0.8179662800287516, 0.7003432710226315, 0.39101802243143213, 1],
        ]),

        matrix([
            [1, -0.8358860002814334, -0.33522859474768346, -0.9444437578338649],
            [-0.8358860002814334, 1, 0.2585765546107767, 0.8277590153580497],
            [-0.33522859474768346, 0.2585765546107767, 1, 0.18066439326719305],
            [-0.9444437578338649, 0.8277590153580497, 0.18066439326719305, 1],
        ]),

        matrix([
            [1, -0.8352208296407256, 0.2836307812621899, -0.9259294958008136],
            [-0.8352208296407256, 1, -0.27048744369074557, 0.865834200425262],
            [0.2836307812621899, -0.27048744369074557, 1, -0.2448368514819166],
            [-0.9259294958008136, 0.865834200425262, -0.2448368514819166, 1],
        ]),

        matrix([
            [1, -0.7939886777643613, 0.44342030572515717, -0.8060008509827594],
            [-0.7939886777643613, 1, -0.5941662384969923, 0.8356013561881361],
            [0.44342030572515717, -0.5941662384969923, 1, -0.6417469717781704],
            [-0.8060008509827594, 0.8356013561881361, -0.6417469717781704, 1],
        ]),

        matrix([
            [1, -0.7513494710129454, 0.33161104136222014, -0.7681307498411347],
            [-0.7513494710129454, 1, -0.5718456376297569, 0.8678312052899183],
            [0.33161104136222014, -0.5718456376297569, 1, -0.6113408866773425],
            [-0.7681307498411347, 0.8678312052899183, -0.6113408866773425, 1],
        ]),

        matrix([
            [1, -0.2437323594469389, 0.3028330757403503, -0.5335570270018098],
            [-0.2437323594469389, 1, -0.4083803245309866, 0.7760709918271987],
            [0.3028330757403503, -0.4083803245309866, 1, -0.6103625114006922],
            [-0.5335570270018098, 0.7760709918271987, -0.6103625114006922, 1],
        ]),

        matrix([
            [1, 0.16169524221130527, 0.24609520882970895, -0.10425761068340034],
            [0.16169524221130527, 1, -0.2874126617776312, 0.8201547947226606],
            [0.24609520882970895, -0.2874126617776312, 1, -0.5279244803828143],
            [-0.10425761068340034, 0.8201547947226606, -0.5279244803828143, 1],
        ]),

        matrix([
            [1, 0.5348445674210122, 0.2233596581133327, 0.3349070562636032],
            [0.5348445674210122, 1, -0.08841199686382642, 0.8432532981973365],
            [0.2233596581133327, -0.08841199686382642, 1, -0.3408391517659387],
            [0.3349070562636032, 0.8432532981973365, -0.3408391517659387, 1],
        ]),

        matrix([
            [1, 0.6840277061341615, -0.07726281498568356, 0.5924165788403407],
            [0.6840277061341615, 1, -0.13596085287901843, 0.864484731052472],
            [-0.07726281498568356, -0.13596085287901843, 1, -0.3637946788894796],
            [0.5924165788403407, 0.864484731052472, -0.3637946788894796, 1],
        ]),

        matrix([
            [1, 0.8390804632725467, -0.13525134023807647, 0.7697441302159088],
            [0.8390804632725467, 1, -0.05572600265262107, 0.8638254488989404],
            [-0.13525134023807647, -0.05572600265262107, 1, -0.2502125246894398],
            [0.7697441302159088, 0.8638254488989404, -0.2502125246894398, 1],
        ]),

        matrix([
            [1, 0.8721798836307904, -0.004891555129606636, 0.834621905820932],
            [0.8721798836307904, 1, 0.10436714458378926, 0.8898318444666956],
            [-0.004891555129606636, 0.10436714458378926, 1, -0.09239476938536946],
            [0.834621905820932, 0.8898318444666956, -0.09239476938536946, 1],
        ]),

        matrix([
            [1, 0.8092112933250818, -0.04279367917455754, 0.6672763431718273],
            [0.8092112933250818, 1, 0.3029105920462473, 0.8693562700170411],
            [-0.04279367917455754, 0.3029105920462473, 1, 0.26072582393320215],
            [0.6672763431718273, 0.8693562700170411, 0.26072582393320215, 1],
        ]),
    ],
    meanCorrelation: matrix([
        [1, -0.11405777154104504, -0.10290671747741462, -0.1271048080438808],
        [-0.11405777154104504, 1, 0.12195785492973925, 0.6466041038904481],
        [-0.10290671747741462, 0.12195785492973925, 1, 0.24300694206848264],
        [-0.1271048080438808, 0.6466041038904481, 0.24300694206848264, 1],
    ]),

    meanAbsCorrelation: matrix([
        [1, 0.42800838559090437, 0.31796547160486516, 0.4798190349508532],
        [0.42800838559090437, 1, 0.383804107213036, 0.6466041038904481],
        [0.31796547160486516, 0.383804107213036, 1, 0.5097019590965777],
        [0.4798190349508532, 0.6466041038904481, 0.5097019590965777, 1],
    ]),
};
